123 177 94 146
69 153 138 190
173 165 105 120
224 234 181 196
====================
142 32 139 104
149 92 133 76
147 58 141 90
64 12 60 44
====================
82 204 181 137
44 124 115 89
26 76 65 56
57 179 157 141
====================
60 114 62 77
129 206 122 114
125 204 124 126
145 280 143 205
====================
96 160 122 102
36 63 48 6
19 37 49 45
95 159 101 81
====================
86 52 78 99
107 60 108 126
154 61 151 197
83 39 67 114
====================
178 203 124 189
75 109 115 200
79 79 33 40
147 166 129 183
====================
96 66 101 70
232 223 241 242
200 208 179 204
163 128 181 147
====================
103 203 182 132
103 141 112 73
109 193 164 116
45 110 105 75
====================
12 18 19 10
70 72 72 20
83 85 89 60
87 119 125 140
====================
